1 1 7
1 2 6
1 3 6
1 4 6
1 5 7
1 6 5
1 7 9
1 8 2
1 9 6
1 10 1
2 1 6
2 2 3
2 3 2
2 4 6
2 5 3
2 6 2
2 7 3
2 8 4
2 9 9
2 10 5
3 1 8
3 2 7
3 3 8
3 4 3
3 5 1
3 6 1
3 7 5
3 8 2
3 9 5
3 10 6
4 1 5
4 2 6
4 3 6
4 4 6
4 5 2
4 6 3
4 7 2
4 8 2
4 9 6
4 10 2
5 1 8
5 2 6
5 3 2
5 4 5
5 5 9
5 6 1
5 7 2
5 8 8
5 9 6
5 10 1
6 1 6
6 2 6
6 3 4
6 4 3
6 5 5
6 6 6
6 7 7
6 8 1
6 9 1
6 10 4
7 1 6
7 2 7
7 3 7
7 4 1
7 5 5
7 6 6
7 7 4
7 8 6
7 9 2
7 10 4
8 1 1
8 2 7
8 3 4
8 4 4
8 5 6
8 6 6
8 7 3
8 8 5
8 9 8
8 10 9
9 1 8
9 2 2
9 3 2
9 4 5
9 5 9
9 6 1
9 7 3
9 8 9
9 9 4
9 10 7
10 1 8
10 2 9
10 3 9
10 4 3
10 5 9
10 6 1
10 7 6
10 8 1
10 9 9
10 10 5
